Please enter exactly 50 integers.
average: -33.84
sum: -1692
smallest: -974
largest: 960
original input numbers: 
 278	 782	 675	 957	-632	-588	 800	 523	-617	-493
-272	 637	 806	 687	 204	-808	 126	-649	 623	-974
-641	-565	 107	 275	 601	 707	  73	-770	 960	 856
-656	 731	 343	 -14	 112	-291	-918	-145	-602	-434
 530	 415	 150	-970	-814	-500	-485	-516	-927	-369
reverse input numbers: 
-369	-927	-516	-485	-500	-814	-970	 150	 415	 530
-434	-602	-145	-918	-291	 112	 -14	 343	 731	-656
 856	 960	-770	  73	 707	 601	 275	 107	-565	-641
-974	 623	-649	 126	-808	 204	 687	 806	 637	-272
-493	-617	 523	 800	-588	-632	 957	 675	 782	 278
sorted array: 
-974	-970	-927	-918	-814	-808	-770	-656	-649	-641
-632	-617	-602	-588	-565	-516	-500	-493	-485	-434
-369	-291	-272	-145	 -14	  73	 107	 112	 126	 150
 204	 275	 278	 343	 415	 523	 530	 601	 623	 637
 675	 687	 707	 731	 782	 800	 806	 856	 957	 960
