Please enter up to 50 integers.
average: 462.98
sum: 23149
smallest: 52
largest: 972
original input numbers: 
  52	 415	 403	 614	 972	 322	 402	 334	  75	 869
 432	 131	 307	 466	 170	 183	 241	 735	 582	 623
 699	 278	 504	 125	 508	 151	 937	 577	 386	 114
 214	 670	 296	 745	 613	 356	  56	 311	 622	 758
 671	 371	 635	 880	 407	 969	 139	 320	 857	 652
reverse input numbers: 
 652	 857	 320	 139	 969	 407	 880	 635	 371	 671
 758	 622	 311	  56	 356	 613	 745	 296	 670	 214
 114	 386	 577	 937	 151	 508	 125	 504	 278	 699
 623	 582	 735	 241	 183	 170	 466	 307	 131	 432
 869	  75	 334	 402	 322	 972	 614	 403	 415	  52
sorted array: 
  52	  56	  75	 114	 125	 131	 139	 151	 170	 183
 214	 241	 278	 296	 307	 311	 320	 322	 334	 356
 371	 386	 402	 403	 407	 415	 432	 466	 504	 508
 577	 582	 613	 614	 622	 623	 635	 652	 670	 671
 699	 735	 745	 758	 857	 869	 880	 937	 969	 972
