Please enter any number of integers.
average: 512.76
sum: 25638
smallest: 26
largest: 994
original input numbers: 
 970	 632	 179	 971	 547	 456	 729	 727	 481	 994
 594	 739	 221	 637	 198	 915	  26	 873	 816	 355
 140	  67	 977	 826	 680	 892	 795	 811	 323	 260
 524	  74	 145	 351	 832	 278	 224	 375	 335	 874
 191	 376	 461	 249	  58	 299	 460	  47	 977	 677
reverse input numbers: 
 677	 977	  47	 460	 299	  58	 249	 461	 376	 191
 874	 335	 375	 224	 278	 832	 351	 145	  74	 524
 260	 323	 811	 795	 892	 680	 826	 977	  67	 140
 355	 816	 873	  26	 915	 198	 637	 221	 739	 594
 994	 481	 727	 729	 456	 547	 971	 179	 632	 970
sorted array: 
  26	  47	  58	  67	  74	 140	 145	 179	 191	 198
 221	 224	 249	 260	 278	 299	 323	 335	 351	 355
 375	 376	 456	 460	 461	 481	 524	 547	 594	 632
 637	 677	 680	 727	 729	 739	 795	 811	 816	 826
 832	 873	 874	 892	 915	 970	 971	 977	 977	 994
